title QNA2
difficulty easy
bpm 120
#차례대로 시작시간, 노트 라인, 노트 타입, 롱노트 종료시간(일반노트면 0)

0,0,1,1000
1000,1,1,2000
2000,2,1,3000
3000,3,1,4000
3000,2,1,4000
4000,0,1,5000
5000,1,1,6000
6000,2,1,7000
7000,3,1,8000
8000,0,1,9000
9000,1,1,10000
10000,2,1,11000
11000,3,1,12000
12000,0,1,13000
13000,1,1,14000
14000,2,1,15000
15000,3,1,16000
16000,0,1,17000
17000,1,1,18000
18000,2,1,19000
19000,3,1,20000
20000,0,1,21000
21000,1,1,22000
22000,2,1,23000
23000,3,1,24000
24000,0,1,25000
25000,1,1,26000
26000,2,1,27000
27000,3,1,28000
28000,0,1,29000
29000,1,1,30000